12.3817 12.9789
33.8154 16.9702
68.2074 21.4135
39.1979 41.215
53.9602 63.2521
77.028 65.9355
40.4725 12.6202
62.3733 73.0866
28.3634 77.0309
47.2928 28.8658
3.32555 61.6557
15.8091 46.7453
97.3948 17.797
80.0372 54.8945
23.8529 41.4912
42.5196 9.35187
35.125 70.9253
65.935 6.41264
48.0955 70.4762
59.5725 71.6761
52.6122 83.4707
36.4575 27.3614
66.8922 13.5547
24.5707 17.291
46.3665 79.4529
50.2385 58.008
49.0458 7.78618
69.5506 57.9774
42.1357 79.7028
69.3191 35.6122
40.9937 21.7268
67.2302 51.0972
27.8522 50.4263
97.059 21.4486
26.5521 71.8164
48.7724 44.9711
71.6004 55.8792
34.5714 63.8662
46.8797 33.4668
13.6818 26.0074
97.4551 81.6891
59.1985 57.8123
89.6955 4.2205
45.0888 89.0746
87.7582 65.9798
78.0298 57.9891
46.8736 36.9516
69.5765 23.9004
20.4544 21.5908
88.6943 42.6654
46.3665 84.3486 47.5327 84.5035
52.6122 91.3228 47.5327 84.5035
42.1357 84.854 44.5184 84.1032
46.3665 84.3486 44.5184 84.1032
52.6122 91.3228 76.6638 123.612
97.4551 271.03 76.6638 123.612
28.3634 94.6662 33.4607 87.5874
42.1357 84.854 33.4607 87.5874
62.3733 82.8664 57.8392 78.6043
59.5725 75.1623 57.8392 78.6043
35.125 77.7221 35.3305 77.9497
33.4607 87.5874 35.3305 77.9497
62.3733 82.8664 75.5366 95.2399
76.6638 123.612 75.5366 95.2399
44.5184 84.1032 43.9413 74.3309
48.0955 75.1311 43.9413 74.3309
48.0955 75.1311 52.9592 76.0679
47.5327 84.5035 52.9592 76.0679
26.5521 74.7382 31.027 73.1838
35.125 77.7221 31.027 73.1838
52.9592 76.0679 53.3254 75.9406
57.8392 78.6043 53.3254 75.9406
35.3305 77.9497 41.6855 72.8738
43.9413 74.3309 41.6855 72.8738
77.028 84.5269 77.7838 86.0758
75.5366 95.2399 77.7838 86.0758
77.7838 86.0758 82.3344 80.1752
87.7582 76.8273 82.3344 80.1752
53.9602 69.2447 54.0204 69.2936
53.3254 75.9406 54.0204 69.2936
31.027 73.1838 30.4611 67.7398
34.5714 67.4174 30.4611 67.7398
3.32555 89.7298 8.73002 80.9289
26.5521 74.7382 8.73002 80.9289
34.5714 67.4174 41.4778 66.8758
41.6855 72.8738 41.4778 66.8758
77.028 84.5269 68.3013 66.6432
69.5506 65.4693 68.3013 66.6432
59.1985 63.0543 60.9107 64.7031
54.0204 69.2936 60.9107 64.7031
53.9602 69.2447 47.4304 63.9436
50.2385 61.9507 47.4304 63.9436
59.5725 75.1623 64.7193 64.9417
68.3013 66.6432 64.7193 64.9417
78.0298 62.0254 82.407 62.5773
82.3344 80.1752 82.407 62.5773
60.9107 64.7031 64.2674 64.6125
64.7193 64.9417 64.2674 64.6125
69.5506 65.4693 73.7854 61.4903
78.0298 62.0254 73.7854 61.4903
71.6004 57.9295 73.7874 60.066
73.7854 61.4903 73.7874 60.066
41.4778 66.8758 43.2612 63.2271
47.4304 63.9436 43.2612 63.2271
50.2385 61.9507 54.737 58.7581
59.1985 63.0543 54.737 58.7581
80.0372 57.0929 84.5222 60.0022
82.407 62.5773 84.5222 60.0022
67.2302 54.9286 68.1954 54.6031
71.6004 57.9295 68.1954 54.6031
64.2674 64.6125 64.4067 55.8809
67.2302 54.9286 64.4067 55.8809
73.7874 60.066 75.6887 54.2721
80.0372 57.0929 75.6887 54.2721
30.4611 67.7398 23.6879 60.9078
27.8522 58.8259 23.6879 60.9078
15.8091 59.4263 17.5126 60.8526
8.73002 80.9289 17.5126 60.8526
17.5126 60.8526 18.1669 60.5722
23.6879 60.9078 18.1669 60.5722
48.7724 51.572 54.5658 50.9205
54.737 58.7581 54.5658 50.9205
88.6943 51.8441 92.434 54.4915
84.5222 60.0022 92.434 54.4915
18.1669 60.5722 22.1234 47.6279
23.8529 46.8538 22.1234 47.6279
39.1979 52.808 39.3975 53.0539
27.8522 58.8259 39.3975 53.0539
39.3975 53.0539 39.4622 53.0671
43.2612 63.2271 39.4622 53.0671
39.4622 53.0671 40.2845 52.5265
48.7724 51.572 40.2845 52.5265
68.1954 54.6031 75.0014 48.383
75.6887 54.2721 75.0014 48.383
54.5658 50.9205 57.9572 48.1669
64.4067 55.8809 57.9572 48.1669
40.2845 52.5265 44.514 41.7448
46.8736 41.1861 44.514 41.7448
23.8529 46.8538 31.5623 43.4031
39.1979 52.808 31.5623 43.4031
69.3191 43.4956 76.1762 44.4207
75.0014 48.383 76.1762 44.4207
76.1762 44.4207 77.3142 43.7881
88.6943 51.8441 77.3142 43.7881
57.9572 48.1669 59.9281 42.2288
69.3191 43.4956 59.9281 42.2288
44.514 41.7448 40.8781 35.1988
46.8797 35.2092 40.8781 35.1988
46.8736 41.1861 58.2286 38.4976
59.9281 42.2288 58.2286 38.4976
36.4575 34.5593 39.6051 33.9366
40.8781 35.1988 39.6051 33.9366
13.6818 36.4854 14.7723 36.3736
22.1234 47.6279 14.7723 36.3736
31.5623 43.4031 31.421 35.5555
36.4575 34.5593 31.421 35.5555
39.6051 33.9366 41.5207 30.6665
47.2928 31.1848 41.5207 30.6665
46.8797 35.2092 58.0335 35.2286
58.2286 38.4976 58.0335 35.2286
40.9937 26.37 42.0043 27.1836
41.5207 30.6665 42.0043 27.1836
20.4544 28.9918 22.1205 31.5467
14.7723 36.3736 22.1205 31.5467
47.2928 31.1848 58.3254 32.1755
58.0335 35.2286 58.3254 32.1755
22.1205 31.5467 26.1548 30.8577
31.421 35.5555 26.1548 30.8577
92.434 54.4915 122.018 55.6793
87.7582 76.8273 122.018 55.6793
28.3634 94.6662 -162.301 359.446
3.32555 89.7298 -162.301 359.446
58.3254 32.1755 59.1358 29.5297
69.5765 29.7591 59.1358 29.5297
33.8154 22.5017 35.619 22.0431
40.9937 26.37 35.619 22.0431
59.1358 29.5297 58.8378 28.1921
68.2074 23.0338 58.8378 28.1921
24.5707 21.4112 28.2805 24.9627
26.1548 30.8577 28.2805 24.9627
69.5765 29.7591 82.3193 30.0392
77.3142 43.7881 82.3193 30.0392
28.2805 24.9627 29.4183 23.6197
33.8154 22.5017 29.4183 23.6197
82.3193 30.0392 83.8368 28.493
97.059 33.7059 83.8368 28.493
15.8091 59.4263 -8.83312 38.795
13.6818 36.4854 -8.83312 38.795
12.3817 19.558 14.1851 19.3781
20.4544 28.9918 14.1851 19.3781
35.619 22.0431 38.7714 17.2858
40.4725 17.1884 38.7714 17.2858
14.1851 19.3781 18.3594 15.4651
24.5707 21.4112 18.3594 15.4651
40.4725 17.1884 48.4406 16.7324
49.0458 17.082 48.4406 16.7324
42.5196 11.6272 47.2232 14.5733
48.4406 16.7324 47.2232 14.5733
49.0458 17.082 51.7093 18.6204
42.0043 27.1836 51.7093 18.6204
58.8378 28.1921 55.7273 19.4627
66.8922 17.5942 55.7273 19.4627
51.7093 18.6204 55.3027 18.9192
55.7273 19.4627 55.3027 18.9192
83.8368 28.493 82.9282 18.3083
97.3948 19.6383 82.9282 18.3083
82.9282 18.3083 82.6788 17.1711
89.6955 13.1919 82.6788 17.1711
55.3027 18.9192 57.8186 11.1356
65.935 10.0478 57.8186 11.1356
68.2074 23.0338 81.341 15.8034
82.6788 17.1711 81.341 15.8034
66.8922 17.5942 80.8983 15.2502
81.341 15.8034 80.8983 15.2502
97.059 33.7059 141.627 51.2772
122.018 55.6793 141.627 51.2772
65.935 10.0478 78.1013 8.41723
80.8983 15.2502 78.1013 8.41723
38.7714 17.2858 29.9148 3.73197
42.5196 11.6272 29.9148 3.73197
29.4183 23.6197 28.679 2.32006
29.9148 3.73197 28.679 2.32006
18.3594 15.4651 25.5291 -4.80138
28.679 2.32006 25.5291 -4.80138
-8.83312 38.795 -52.6963 26.0521
12.3817 19.558 -52.6963 26.0521
97.3948 19.6383 421.514 49.437
141.627 51.2772 421.514 49.437
25.5291 -4.80138 8.37095 -147.372
47.2232 14.5733 8.37095 -147.372
57.8186 11.1356 -94.9242 -1867
78.1013 8.41723 -94.9242 -1867
-162.301 359.446 -13098 11140.9
-52.6963 26.0521 -3220.63 700.859
8.37095 -147.372 -241.108 10.6579
-94.9242 -1867 -99.3017 5.32167
89.6955 13.1919 2341.05 331.288
421.514 49.437 3990.67 991.573
97.4551 271.03 56115.9 201811
189 50